Shape           : (7043, 37)
Target dist     :
Churn
0    5174
1    1869
Churn rate      : 26.54%

            gender  SeniorCitizen      Partner   Dependents        tenure  PhoneService  PaperlessBilling  MonthlyCharges  TotalCharges        Churn  AvgMonthlyCharge   NumServices    HasFamily  MultipleLines_No phone service  MultipleLines_Yes  InternetService_Fiber optic  InternetService_No  OnlineSecurity_No internet service  OnlineSecurity_Yes  OnlineBackup_No internet service  OnlineBackup_Yes  DeviceProtection_No internet service  DeviceProtection_Yes  TechSupport_No internet service  TechSupport_Yes  StreamingTV_No internet service  StreamingTV_Yes  StreamingMovies_No internet service  StreamingMovies_Yes  Contract_One year  Contract_Two year  PaymentMethod_Credit card (automatic)  PaymentMethod_Electronic check  PaymentMethod_Mailed check  TenureGroup_13-24m  TenureGroup_25-48m  TenureGroup_49-72m
count  7043.000000    7043.000000  7043.000000  7043.000000  7.043000e+03   7043.000000       7043.000000    7.043000e+03  7.032000e+03  7043.000000      7.032000e+03  7.043000e+03  7043.000000                     7043.000000        7043.000000                  7043.000000         7043.000000                         7043.000000         7043.000000                       7043.000000       7043.000000                           7043.000000           7043.000000                      7043.000000      7043.000000                      7043.000000      7043.000000                          7043.000000          7043.000000        7043.000000        7043.000000                            7043.000000                     7043.000000                 7043.000000         7043.000000         7043.000000         7043.000000
mean      0.504756       0.162147     0.483033     0.299588 -1.916841e-17      0.903166          0.592219   -6.204512e-17  8.790844e-17     0.265370     -2.374538e-17 -1.079484e-16     0.534289                        0.096834           0.421837                     0.439585            0.216669                            0.216669            0.286668                          0.216669          0.344881                              0.216669              0.343888                         0.216669         0.290217                         0.216669         0.384353                             0.216669             0.387903           0.209144           0.240664                               0.216101                        0.335794                    0.228880            0.145393            0.226324            0.317904
std       0.500013       0.368612     0.499748     0.458110  1.000071e+00      0.295752          0.491457    1.000071e+00  1.000071e+00     0.441561      1.000071e+00  1.000071e+00     0.498858                        0.295752           0.493888                     0.496372            0.412004                            0.412004            0.452237                          0.412004          0.475363                              0.412004              0.475038                         0.412004         0.453895                         0.412004         0.486477                             0.412004             0.487307           0.406726           0.427517                               0.411613                        0.472301                    0.420141            0.352521            0.418481            0.465695
min       0.000000       0.000000     0.000000     0.000000 -1.318165e+00      0.000000          0.000000   -1.545860e+00 -9.990692e-01     0.000000     -1.635399e+00 -1.360505e+00     0.000000                        0.000000           0.000000                     0.000000            0.000000                            0.000000            0.000000                          0.000000          0.000000                              0.000000              0.000000                         0.000000         0.000000                         0.000000         0.000000                             0.000000             0.000000           0.000000           0.000000                               0.000000                        0.000000                    0.000000            0.000000            0.000000            0.000000
25%       0.000000       0.000000     0.000000     0.000000 -9.516817e-01      1.000000          0.000000   -9.725399e-01 -8.302488e-01     0.000000     -1.076850e+00 -9.280832e-01     0.000000                        0.000000           0.000000                     0.000000            0.000000                            0.000000            0.000000                          0.000000          0.000000                              0.000000              0.000000                         0.000000         0.000000                         0.000000         0.000000                             0.000000             0.000000           0.000000           0.000000                               0.000000                        0.000000                    0.000000            0.000000            0.000000            0.000000
50%       1.000000       0.000000     0.000000     0.000000 -1.372744e-01      1.000000          1.000000    1.857327e-01 -3.908151e-01     0.000000      6.513185e-02 -6.323933e-02     1.000000                        0.000000           0.000000                     0.000000            0.000000                            0.000000            0.000000                          0.000000          0.000000                              0.000000              0.000000                         0.000000         0.000000                         0.000000         0.000000                             0.000000             0.000000           0.000000           0.000000                               0.000000                        0.000000                    0.000000            0.000000            0.000000            0.000000
75%       1.000000       0.000000     1.000000     1.000000  9.214551e-01      1.000000          1.000000    8.338335e-01  6.668271e-01     1.000000      8.453803e-01  8.016046e-01     1.000000                        0.000000           1.000000                     1.000000            0.000000                            0.000000            1.000000                          0.000000          1.000000                              0.000000              1.000000                         0.000000         1.000000                         0.000000         1.000000                             0.000000             1.000000           0.000000           0.000000                               0.000000                        1.000000                    0.000000            0.000000            0.000000            1.000000
max       1.000000       1.000000     1.000000     1.000000  1.613701e+00      1.000000          1.000000    1.794352e+00  2.824261e+00     1.000000      1.962712e+00  2.098870e+00     1.000000                        1.000000           1.000000                     1.000000            1.000000                            1.000000            1.000000                          1.000000          1.000000                              1.000000              1.000000                         1.000000         1.000000                         1.000000         1.000000                             1.000000             1.000000           1.000000           1.000000                               1.000000                        1.000000                    1.000000            1.000000            1.000000            1.000000